 Distribution TemperaturasAlphaExt_beta0.txt: 
0.000000 
126.500000 
122.755291 
118.488766 
113.448746 
107.440219 
100.222226 
91.479872 
80.678235 
66.807744 
47.199014 
 Distribution TemperaturasAlphaExt_beta0.txt: 
0.000000 
126.500000 
122.723704 
118.436634 
113.383337 
107.366902 
100.145670 
91.404348 
80.608452 
66.749582 
47.163042 
 Distribution TemperaturasAlphaExt_beta0.txt: 
0.000000 
126.500000 
112.014111 
100.074812 
89.525939 
79.783738 
70.423378 
61.134356 
51.523170 
41.042341 
28.365813 
 Distribution TemperaturasAlphaExt_beta0.txt: 
0.000000 
126.500000 
112.002828 
100.043884 
89.498060 
79.735905 
70.384553 
61.080837 
51.480870 
40.997318 
28.338646 
 Distribution TemperaturasAlphaExt_beta0.txt: 
0.000000 
126.500000 
111.985484 
100.013003 
89.457041 
79.686695 
70.330192 
61.023486 
51.424543 
40.946816 
28.304187 
 Distribution TemperaturasAlphaExt_beta0.txt: 
0.000000 
126.500000 
111.947546 
99.944983 
89.366628 
79.577904 
70.210306 
60.897104 
51.300969 
40.836238 
28.228458 
 Distribution TemperaturasAlphaExt_beta0.txt: 
0.000000 
126.500000 
111.907592 
99.873283 
89.271012 
79.462928 
70.083462 
60.763654 
51.170561 
40.719783 
28.148480 
 Distribution TemperaturasAlphaExt_beta0.txt: 
0.000000 
126.500000 
111.862634 
99.792903 
89.162623 
79.333373 
69.939712 
60.613573 
51.023732 
40.589524 
28.058364 
 Distribution TemperaturasAlphaExt_beta0.txt: 
0.000000 
126.500000 
111.818245 
99.728763 
89.057969 
79.228121 
69.803412 
60.488159 
50.886474 
40.477131 
27.975981 
