 Distribution TemperaturasAlphaExt_beta0.5.txt: 
0.000000 
126.500000 
122.755291 
118.488766 
113.448746 
107.440219 
100.222226 
91.479872 
80.678235 
66.807744 
47.199014 
 Distribution TemperaturasAlphaExt_beta0.5.txt: 
0.000000 
126.500000 
122.723704 
118.436634 
113.383337 
107.366902 
100.145670 
91.404348 
80.608452 
66.749582 
47.163042 
 Distribution TemperaturasAlphaExt_beta0.5.txt: 
0.000000 
126.500000 
122.684209 
118.371438 
113.301523 
107.275187 
100.049895 
91.309857 
80.521139 
66.676810 
47.118039 
 Distribution TemperaturasAlphaExt_beta0.5.txt: 
0.000000 
126.500000 
122.605183 
118.240942 
113.137724 
107.091526 
99.858073 
91.120587 
80.346233 
66.531031 
47.027906 
 Distribution TemperaturasAlphaExt_beta0.5.txt: 
0.000000 
126.500000 
122.526108 
118.110307 
112.973693 
106.907556 
99.665889 
90.930930 
80.170953 
66.384937 
46.937604 
 Distribution TemperaturasAlphaExt_beta0.5.txt: 
0.000000 
126.500000 
122.446985 
117.979532 
112.809430 
106.723278 
99.473342 
90.740885 
79.995294 
66.238526 
46.847131 
 Distribution TemperaturasAlphaExt_beta0.5.txt: 
0.000000 
126.500000 
122.367814 
117.848617 
112.644933 
106.538688 
99.280428 
90.550448 
79.819256 
66.091797 
46.756488 
