 Distribution TemperaturesInfluenciaDeDeltat_beta1.txt: 
0.000000 
126.500000 
112.014111 
100.074812 
89.525939 
79.783738 
70.423378 
61.134356 
51.523170 
41.042341 
28.365813 
 Distribution TemperaturesInfluenciaDeDeltat_beta1.txt: 
0.000000 
126.500000 
112.014111 
100.074812 
89.525939 
79.783738 
70.423378 
61.134356 
51.523170 
41.042341 
28.365813 
 Distribution TemperaturesInfluenciaDeDeltat_beta1.txt: 
0.000000 
126.500000 
112.014111 
100.074812 
89.525939 
79.783738 
70.423378 
61.134356 
51.523170 
41.042341 
28.365813 
 Distribution TemperaturesInfluenciaDeDeltat_beta1.txt: 
0.000000 
126.500000 
112.014111 
100.074812 
89.525939 
79.783738 
70.423378 
61.134356 
51.523170 
41.042341 
28.365813 
 Distribution TemperaturesInfluenciaDeDeltat_beta1.txt: 
0.000000 
126.500000 
112.014111 
100.074812 
89.525939 
79.783738 
70.423378 
61.134356 
51.523170 
41.042341 
28.365813 
 Distribution TemperaturesInfluenciaDeDeltat_beta1.txt: 
0.000000 
126.500000 
112.014111 
100.074812 
89.525939 
79.783738 
70.423378 
61.134356 
51.523170 
41.042341 
28.365813 
