 Distribution TemperaturesInfluenciaDeN_beta0.5.txt: 
0.000000 
126.500000 
69.759144 
 Distribution TemperaturesInfluenciaDeN_beta0.5.txt: 
0.000000 
126.500000 
97.373980 
74.494011 
49.922764 
 Distribution TemperaturesInfluenciaDeN_beta0.5.txt: 
0.000000 
126.500000 
109.477468 
95.415591 
81.529091 
65.973168 
45.759972 
 Distribution TemperaturesInfluenciaDeN_beta0.5.txt: 
0.000000 
126.500000 
117.113200 
108.604864 
99.882682 
90.246814 
78.999717 
65.033925 
45.695165 
 Distribution TemperaturesInfluenciaDeN_beta0.5.txt: 
0.000000 
126.500000 
122.755291 
118.488766 
113.448746 
107.440219 
100.222226 
91.479872 
80.678235 
66.807744 
47.199014 
 Distribution TemperaturesInfluenciaDeN_beta0.5.txt: 
0.000000 
126.500000 
127.325288 
126.569897 
124.522017 
121.275593 
116.840426 
111.131540 
103.996555 
95.141125 
84.060261 
69.717104 
49.376721 
 Distribution TemperaturesInfluenciaDeN_beta0.5.txt: 
0.000000 
126.500000 
131.242790 
133.539545 
134.062715 
133.130652 
130.908350 
127.447024 
122.741386 
116.700168 
109.163874 
99.830132 
88.174924 
73.125116 
51.847065 
 Distribution TemperaturesInfluenciaDeN_beta0.5.txt: 
0.000000 
126.500000 
134.724077 
139.747644 
142.552823 
143.650012 
143.311356 
141.696941 
138.871734 
134.855992 
129.599526 
123.006743 
114.886369 
104.931076 
92.580675 
76.727243 
54.425229 
 Distribution TemperaturesInfluenciaDeN_beta0.5.txt: 
0.000000 
126.500000 
137.898474 
145.402783 
150.281114 
153.200362 
154.533972 
154.514558 
153.268846 
150.875201 
147.348847 
142.676737 
136.786039 
129.561698 
120.796183 
110.162300 
97.074623 
80.379579 
57.024589 
 Distribution TemperaturesInfluenciaDeN_beta0.5.txt: 
0.000000 
126.500000 
140.847111 
150.643355 
157.431032 
162.019239 
164.870090 
166.276840 
166.414958 
165.404314 
163.302400 
160.142194 
155.908572 
150.565161 
144.022145 
136.148099 
126.720890 
115.394510 
101.558759 
84.014908 
59.603493 
