 Distribution TemperaturesInfluenciaDeDeltat_beta0.5.txt: 
0.000000 
126.500000 
122.755291 
118.488766 
113.448746 
107.440219 
100.222226 
91.479872 
80.678235 
66.807744 
47.199014 
 Distribution TemperaturesInfluenciaDeDeltat_beta0.5.txt: 
0.000000 
126.500000 
122.755291 
118.488766 
113.448746 
107.440219 
100.222226 
91.479872 
80.678235 
66.807744 
47.199014 
 Distribution TemperaturesInfluenciaDeDeltat_beta0.5.txt: 
0.000000 
126.500000 
122.755291 
118.488766 
113.448746 
107.440219 
100.222226 
91.479872 
80.678235 
66.807744 
47.199014 
 Distribution TemperaturesInfluenciaDeDeltat_beta0.5.txt: 
0.000000 
126.500000 
122.755291 
118.488766 
113.448746 
107.440219 
100.222226 
91.479872 
80.678235 
66.807744 
47.199014 
 Distribution TemperaturesInfluenciaDeDeltat_beta0.5.txt: 
0.000000 
126.500000 
122.755291 
118.488766 
113.448746 
107.440219 
100.222226 
91.479872 
80.678235 
66.807744 
47.199014 
 Distribution TemperaturesInfluenciaDeDeltat_beta0.5.txt: 
0.000000 
126.500000 
122.755291 
118.488766 
113.448746 
107.440219 
100.222226 
91.479872 
80.678235 
66.807744 
47.199014 
