 Distribution TemperaturasTiempo_beta0.5.txt: 
0.000000 
126.500000 
122.813918 
118.587059 
113.577480 
107.582649 
100.372934 
91.623383 
80.810207 
66.915215 
47.275728 
 Distribution TemperaturasTiempo_beta0.5.txt: 
0.000000 
126.500000 
122.813753 
118.587260 
113.577098 
107.582980 
100.372422 
91.623808 
80.809633 
66.915705 
47.275149 
 Distribution TemperaturasTiempo_beta0.5.txt: 
0.000000 
126.500000 
122.813868 
118.586967 
113.577372 
107.582515 
100.372807 
91.623247 
80.810098 
66.915111 
47.275669 
 Distribution TemperaturasTiempo_beta0.5.txt: 
0.000000 
126.500000 
122.813697 
118.587170 
113.576974 
107.582852 
100.372276 
91.623680 
80.809503 
66.915611 
47.275069 
 Distribution TemperaturasTiempo_beta0.5.txt: 
0.000000 
126.500000 
122.813813 
118.586866 
113.577252 
107.582368 
100.372668 
91.623098 
80.809977 
66.914996 
47.275602 
 Distribution TemperaturasTiempo_beta0.5.txt: 
0.000000 
126.500000 
122.813635 
118.587072 
113.576838 
107.582710 
100.372116 
91.623538 
80.809360 
66.915508 
47.274982 
 Distribution TemperaturasTiempo_beta0.5.txt: 
0.000000 
126.500000 
122.813753 
118.586755 
113.577120 
107.582207 
100.372514 
91.622934 
80.809844 
66.914871 
47.275528 
 Distribution TemperaturasTiempo_beta0.5.txt: 
0.000000 
126.500000 
122.813568 
118.586964 
113.576689 
107.582554 
100.371940 
91.623382 
80.809204 
66.915394 
47.274887 
 Distribution TemperaturasTiempo_beta0.5.txt: 
0.000000 
126.500000 
122.813686 
118.586633 
113.576974 
107.582030 
100.372344 
91.622754 
80.809697 
66.914734 
47.275447 
 Distribution TemperaturasTiempo_beta0.5.txt: 
0.000000 
126.500000 
122.813493 
118.586844 
113.576525 
107.582381 
100.371747 
91.623210 
80.809032 
66.915268 
47.274784 
 Distribution TemperaturasTiempo_beta0.5.txt: 
0.000000 
126.500000 
122.813613 
118.586499 
113.576813 
107.581836 
100.372156 
91.622557 
80.809535 
66.914583 
47.275356 
 Distribution TemperaturasTiempo_beta0.5.txt: 
0.000000 
126.500000 
122.813411 
118.586712 
113.576345 
107.582191 
100.371535 
91.623020 
80.808844 
66.915129 
47.274670 
 Distribution TemperaturasTiempo_beta0.5.txt: 
0.000000 
126.500000 
122.813532 
118.586352 
113.576635 
107.581623 
100.371949 
91.622341 
80.809355 
66.914418 
47.275256 
 Distribution TemperaturasTiempo_beta0.5.txt: 
0.000000 
126.500000 
122.813321 
118.586567 
113.576147 
107.581981 
100.371302 
91.622810 
80.808638 
66.914974 
47.274545 
 Distribution TemperaturasTiempo_beta0.5.txt: 
0.000000 
126.500000 
122.813443 
118.586191 
113.576440 
107.581389 
100.371721 
91.622104 
80.809157 
66.914237 
47.275145 
 Distribution TemperaturasTiempo_beta0.5.txt: 
0.000000 
126.500000 
122.813223 
118.586407 
113.575930 
107.581750 
100.371046 
91.622579 
80.808411 
66.914804 
47.274409 
 Distribution TemperaturasTiempo_beta0.5.txt: 
0.000000 
126.500000 
122.813344 
118.586014 
113.576224 
107.581131 
100.371470 
91.621843 
80.808939 
66.914039 
47.275022 
 Distribution TemperaturasTiempo_beta0.5.txt: 
0.000000 
126.500000 
122.813114 
118.586230 
113.575692 
107.581495 
100.370766 
91.622324 
80.808163 
66.914616 
47.274260 
 Distribution TemperaturasTiempo_beta0.5.txt: 
0.000000 
126.500000 
122.813236 
118.585819 
113.575987 
107.580849 
100.371192 
91.621557 
80.808698 
66.913822 
47.274886 
 Distribution TemperaturasTiempo_beta0.5.txt: 
0.000000 
126.500000 
122.812995 
118.586035 
113.575430 
107.581214 
100.370458 
91.622042 
80.807890 
66.914409 
47.274096 
 Distribution TemperaturasTiempo_beta0.5.txt: 
0.000000 
126.500000 
122.813116 
118.585606 
113.575725 
107.580539 
100.370887 
91.621243 
80.808432 
66.913583 
47.274736 
 Distribution TemperaturasTiempo_beta0.5.txt: 
0.000000 
126.500000 
122.812864 
118.585821 
113.575142 
107.580904 
100.370119 
91.621732 
80.807591 
66.914180 
47.273917 
 Distribution TemperaturasTiempo_beta0.5.txt: 
0.000000 
126.500000 
122.812985 
118.585371 
113.575436 
107.580198 
100.370550 
91.620897 
80.808139 
66.913321 
47.274570 
 Distribution TemperaturasTiempo_beta0.5.txt: 
0.000000 
126.500000 
122.812721 
118.585584 
113.574826 
107.580563 
100.369747 
91.621390 
80.807262 
66.913927 
47.273721 
 Distribution TemperaturasTiempo_beta0.5.txt: 
0.000000 
126.500000 
122.812840 
118.585113 
113.575118 
107.579823 
100.370178 
91.620518 
80.807815 
66.913034 
47.274387 
 Distribution TemperaturasTiempo_beta0.5.txt: 
0.000000 
126.500000 
122.812562 
118.585324 
113.574478 
107.580186 
100.369339 
91.621013 
80.806901 
66.913648 
47.273505 
 Distribution TemperaturasTiempo_beta0.5.txt: 
0.000000 
126.500000 
122.812680 
118.584829 
113.574767 
107.579412 
100.369769 
91.620102 
80.807459 
66.912718 
47.274184 
 Distribution TemperaturasTiempo_beta0.5.txt: 
0.000000 
126.500000 
122.812389 
118.585037 
113.574096 
107.579772 
100.368890 
91.620597 
80.806504 
66.913341 
47.273269 
 Distribution TemperaturasTiempo_beta0.5.txt: 
0.000000 
126.500000 
122.812504 
118.584517 
113.574381 
107.578960 
100.369318 
91.619645 
80.807066 
66.912372 
47.273960 
 Distribution TemperaturasTiempo_beta0.5.txt: 
0.000000 
126.500000 
122.812198 
118.584720 
113.573677 
107.579315 
100.368397 
91.620139 
80.806069 
66.913001 
47.273010 
 Distribution TemperaturasTiempo_beta0.5.txt: 
0.000000 
126.500000 
122.812310 
118.584174 
113.573956 
107.578463 
100.368821 
91.619142 
80.806632 
66.911992 
47.273713 
 Distribution TemperaturasTiempo_beta0.5.txt: 
0.000000 
126.500000 
122.811988 
118.584372 
113.573215 
107.578812 
100.367855 
91.619635 
80.805591 
66.912627 
47.272726 
 Distribution TemperaturasTiempo_beta0.5.txt: 
0.000000 
126.500000 
122.812096 
118.583798 
113.573487 
107.577916 
100.368273 
91.618590 
80.806155 
66.911574 
47.273441 
 Distribution TemperaturasTiempo_beta0.5.txt: 
0.000000 
126.500000 
122.811757 
118.583989 
113.572708 
107.578257 
100.367260 
91.619078 
80.805065 
66.912215 
47.272414 
 Distribution TemperaturasTiempo_beta0.5.txt: 
0.000000 
126.500000 
122.811861 
118.583383 
113.572971 
107.577316 
100.367670 
91.617983 
80.805628 
66.911116 
47.273140 
 Distribution TemperaturasTiempo_beta0.5.txt: 
0.000000 
126.500000 
122.811504 
118.583566 
113.572151 
107.577647 
100.366605 
91.618466 
80.804488 
66.911760 
47.272071 
 Distribution TemperaturasTiempo_beta0.5.txt: 
0.000000 
126.500000 
122.811602 
118.582928 
113.572403 
107.576656 
100.367005 
91.617316 
80.805048 
66.910612 
47.272808 
 Distribution TemperaturasTiempo_beta0.5.txt: 
0.000000 
126.500000 
122.811225 
118.583101 
113.571538 
107.576974 
100.365885 
91.617791 
80.803853 
66.911258 
47.271696 
 Distribution TemperaturasTiempo_beta0.5.txt: 
0.000000 
126.500000 
122.811316 
118.582428 
113.571777 
107.575931 
100.366273 
91.616583 
80.804409 
66.910059 
47.272442 
 Distribution TemperaturasTiempo_beta0.5.txt: 
0.000000 
126.500000 
122.810918 
118.582588 
113.570865 
107.576234 
100.365094 
91.617047 
80.803156 
66.910706 
47.271283 
 Distribution TemperaturasTiempo_beta0.5.txt: 
0.000000 
126.500000 
122.811002 
118.581877 
113.571087 
107.575133 
100.365467 
91.615778 
80.803705 
66.909451 
47.272038 
 Distribution TemperaturasTiempo_beta0.5.txt: 
0.000000 
126.500000 
122.810581 
118.582024 
113.570124 
107.575418 
100.364225 
91.616228 
80.802390 
66.910097 
47.270831 
 Distribution TemperaturasTiempo_beta0.5.txt: 
0.000000 
126.500000 
122.810656 
118.581272 
113.570328 
107.574256 
100.364579 
91.614892 
80.802929 
66.908783 
47.271592 
 Distribution TemperaturasTiempo_beta0.5.txt: 
0.000000 
126.500000 
122.810211 
118.581403 
113.569310 
107.574520 
100.363269 
91.615326 
80.801548 
66.909426 
47.270333 
 Distribution TemperaturasTiempo_beta0.5.txt: 
0.000000 
126.500000 
122.810275 
118.580607 
113.569492 
107.573292 
100.363601 
91.613918 
80.802074 
66.908049 
47.271101 
 Distribution TemperaturasTiempo_beta0.5.txt: 
0.000000 
126.500000 
122.809803 
118.580719 
113.568415 
107.573531 
100.362218 
91.614332 
80.800622 
66.908686 
47.269787 
 Distribution TemperaturasTiempo_beta0.5.txt: 
0.000000 
126.500000 
122.809856 
118.579875 
113.568572 
107.572232 
100.362524 
91.612848 
80.801133 
66.907243 
47.270559 
 Distribution TemperaturasTiempo_beta0.5.txt: 
0.000000 
126.500000 
122.809355 
118.579966 
113.567430 
107.572442 
100.361062 
91.613238 
80.799605 
66.907871 
47.269188 
 Distribution TemperaturasTiempo_beta0.5.txt: 
0.000000 
126.500000 
122.809394 
118.579071 
113.567559 
107.571066 
100.361339 
91.611671 
80.800096 
66.906357 
47.269962 
 Distribution TemperaturasTiempo_beta0.5.txt: 
0.000000 
126.500000 
122.808862 
118.579137 
113.566347 
107.571242 
100.359792 
91.612032 
80.798486 
66.906974 
47.268529 
 Distribution TemperaturasTiempo_beta0.5.txt: 
0.000000 
126.500000 
122.808885 
118.578186 
113.566443 
107.569784 
100.360033 
91.610378 
80.798954 
66.905383 
47.269304 
 Distribution TemperaturasTiempo_beta0.5.txt: 
0.000000 
126.500000 
122.808320 
118.578224 
113.565157 
107.569922 
100.358395 
91.610705 
80.797256 
66.905985 
47.267805 
 Distribution TemperaturasTiempo_beta0.5.txt: 
0.000000 
126.500000 
122.808326 
118.577213 
113.565215 
107.568374 
100.358595 
91.608955 
80.797696 
66.904312 
47.268579 
 Distribution TemperaturasTiempo_beta0.5.txt: 
0.000000 
126.500000 
122.807724 
118.577219 
113.563847 
107.568469 
100.356858 
91.609244 
80.795904 
66.904896 
47.267010 
 Distribution TemperaturasTiempo_beta0.5.txt: 
0.000000 
126.500000 
122.807710 
118.576143 
113.563862 
107.566824 
100.357013 
91.607391 
80.796311 
66.903135 
47.267780 
 Distribution TemperaturasTiempo_beta0.5.txt: 
0.000000 
126.500000 
122.807069 
118.576112 
113.562407 
107.566868 
100.355169 
91.607635 
80.794418 
66.903696 
47.266136 
 Distribution TemperaturasTiempo_beta0.5.txt: 
0.000000 
126.500000 
122.807031 
118.574966 
113.562374 
107.565119 
100.355270 
91.605671 
80.794786 
66.901842 
47.266899 
 Distribution TemperaturasTiempo_beta0.5.txt: 
0.000000 
126.500000 
122.806348 
118.574895 
113.560823 
107.565107 
100.353311 
91.605863 
80.792784 
66.902375 
47.265176 
 Distribution TemperaturasTiempo_beta0.5.txt: 
0.000000 
126.500000 
122.806285 
118.573671 
113.560735 
107.563243 
100.353352 
91.603779 
80.793107 
66.900420 
47.265929 
 Distribution TemperaturasTiempo_beta0.5.txt: 
0.000000 
126.500000 
122.805555 
118.573554 
113.559081 
107.563167 
100.351267 
91.603913 
80.790987 
66.900920 
47.264121 
 Distribution TemperaturasTiempo_beta0.5.txt: 
0.000000 
126.500000 
122.805463 
118.572247 
113.558931 
107.561181 
100.351240 
91.601699 
80.791258 
66.898856 
47.264860 
 Distribution TemperaturasTiempo_beta0.5.txt: 
0.000000 
126.500000 
122.804682 
118.572078 
113.557164 
107.561032 
100.349019 
91.601766 
80.789010 
66.899317 
47.262962 
 Distribution TemperaturasTiempo_beta0.5.txt: 
0.000000 
126.500000 
122.804559 
118.570681 
113.556946 
107.558912 
100.348915 
91.599412 
80.789222 
66.897137 
47.263682 
 Distribution TemperaturasTiempo_beta0.5.txt: 
0.000000 
126.500000 
122.803722 
118.570454 
113.555057 
107.558682 
100.346547 
91.599402 
80.786837 
66.897552 
47.261687 
 Distribution TemperaturasTiempo_beta0.5.txt: 
0.000000 
126.500000 
122.803563 
118.568958 
113.554760 
107.556417 
100.346355 
91.596896 
80.786980 
66.895247 
47.262384 
 Distribution TemperaturasTiempo_beta0.5.txt: 
0.000000 
126.500000 
122.802667 
118.568667 
113.552738 
107.556096 
100.343828 
91.596799 
80.784448 
66.895609 
47.260287 
 Distribution TemperaturasTiempo_beta0.5.txt: 
0.000000 
126.500000 
122.802467 
118.567062 
113.552355 
107.553672 
100.343538 
91.594128 
80.784511 
66.893169 
47.260954 
 Distribution TemperaturasTiempo_beta0.5.txt: 
0.000000 
126.500000 
122.801505 
118.566699 
113.550187 
107.553249 
100.340838 
91.593934 
80.781820 
66.893468 
47.258747 
 Distribution TemperaturasTiempo_beta0.5.txt: 
0.000000 
126.500000 
122.801262 
118.564977 
113.549707 
107.550652 
100.340437 
91.591085 
80.781794 
66.890884 
47.259380 
 Distribution TemperaturasTiempo_beta0.5.txt: 
0.000000 
126.500000 
122.800228 
118.564534 
113.547381 
107.550115 
100.337548 
91.590780 
80.778929 
66.891112 
47.257055 
 Distribution TemperaturasTiempo_beta0.5.txt: 
0.000000 
126.500000 
122.799935 
118.562683 
113.546794 
107.547331 
100.337023 
91.587737 
80.778802 
66.888372 
47.257645 
 Distribution TemperaturasTiempo_beta0.5.txt: 
0.000000 
126.500000 
122.798822 
118.562151 
113.544294 
107.546666 
100.333929 
91.587308 
80.775751 
66.888516 
47.255195 
 Distribution TemperaturasTiempo_beta0.5.txt: 
0.000000 
126.500000 
122.798474 
118.560159 
113.543587 
107.543676 
100.333266 
91.584055 
80.775508 
66.885609 
47.255734 
 Distribution TemperaturasTiempo_beta0.5.txt: 
0.000000 
126.500000 
122.797275 
118.559529 
113.540897 
107.542870 
100.329948 
91.583486 
80.772255 
66.885659 
47.253151 
 Distribution TemperaturasTiempo_beta0.5.txt: 
0.000000 
126.500000 
122.796867 
118.557381 
113.540058 
107.539656 
100.329131 
91.580005 
80.771882 
66.882572 
47.253629 
 Distribution TemperaturasTiempo_beta0.5.txt: 
0.000000 
126.500000 
122.795573 
118.556643 
113.537160 
107.538692 
100.325569 
91.579279 
80.768410 
66.882512 
47.250904 
 Distribution TemperaturasTiempo_beta0.5.txt: 
0.000000 
126.500000 
122.795099 
118.554326 
113.536174 
107.535233 
100.324579 
91.575550 
80.767890 
66.879232 
47.251310 
 Distribution TemperaturasTiempo_beta0.5.txt: 
0.000000 
126.500000 
122.793701 
118.553468 
113.533048 
107.534094 
100.320751 
91.574648 
80.764182 
66.879047 
47.248434 
 Distribution TemperaturasTiempo_beta0.5.txt: 
0.000000 
126.500000 
122.793154 
118.550963 
113.531901 
107.530366 
100.319570 
91.570650 
80.763494 
66.875559 
47.248756 
 Distribution TemperaturasTiempo_beta0.5.txt: 
0.000000 
126.500000 
122.791639 
118.549974 
113.528523 
107.529035 
100.315450 
91.569551 
80.759532 
66.875231 
47.245720 
 Distribution TemperaturasTiempo_beta0.5.txt: 
0.000000 
126.500000 
122.791013 
118.547262 
113.527199 
107.525011 
100.314056 
91.565259 
80.758656 
66.871522 
47.245941 
 Distribution TemperaturasTiempo_beta0.5.txt: 
0.000000 
126.500000 
122.789371 
118.546131 
113.523544 
107.523467 
100.309619 
91.563940 
80.754418 
66.871029 
47.242737 
 Distribution TemperaturasTiempo_beta0.5.txt: 
0.000000 
126.500000 
122.788658 
118.543188 
113.522025 
107.519118 
100.307989 
91.559330 
80.753328 
66.867083 
47.242840 
 Distribution TemperaturasTiempo_beta0.5.txt: 
0.000000 
126.500000 
122.786874 
118.541902 
113.518063 
107.517341 
100.303202 
91.557764 
80.748794 
66.866401 
47.239460 
 Distribution TemperaturasTiempo_beta0.5.txt: 
0.000000 
126.500000 
122.786068 
118.538704 
113.516333 
107.512633 
100.301311 
91.552807 
80.747463 
66.862204 
47.239423 
 Distribution TemperaturasTiempo_beta0.5.txt: 
0.000000 
126.500000 
122.784125 
118.537250 
113.512030 
107.510600 
100.296142 
91.550966 
80.742610 
66.861304 
47.235861 
 Distribution TemperaturasTiempo_beta0.5.txt: 
0.000000 
126.500000 
122.783219 
118.533767 
113.510071 
107.505495 
100.293963 
91.545632 
80.741005 
66.856840 
47.235657 
 Distribution TemperaturasTiempo_beta0.5.txt: 
0.000000 
126.500000 
122.781097 
118.532133 
113.505388 
107.503183 
100.288374 
91.543483 
80.735810 
66.855690 
47.231907 
 Distribution TemperaturasTiempo_beta0.5.txt: 
0.000000 
126.500000 
122.780085 
118.528331 
113.503182 
107.497639 
100.285877 
91.537740 
80.733894 
66.850947 
47.231505 
 Distribution TemperaturasTiempo_beta0.5.txt: 
0.000000 
126.500000 
122.777763 
118.526505 
113.498075 
107.495024 
100.279825 
91.535247 
80.728334 
66.849505 
47.227567 
 Distribution TemperaturasTiempo_beta0.5.txt: 
0.000000 
126.500000 
122.776639 
118.522344 
113.495606 
107.488989 
100.276979 
91.529058 
80.726065 
66.844472 
47.226926 
 Distribution TemperaturasTiempo_beta0.5.txt: 
0.000000 
126.500000 
122.774091 
118.520316 
113.490021 
107.486048 
100.270416 
91.526182 
80.720115 
66.842691 
47.222806 
 Distribution TemperaturasTiempo_beta0.5.txt: 
0.000000 
126.500000 
122.772849 
118.515749 
113.487273 
107.479465 
100.267190 
91.519508 
80.717444 
66.837362 
47.221876 
 Distribution TemperaturasTiempo_beta0.5.txt: 
0.000000 
126.500000 
122.770045 
118.513510 
113.481150 
107.476175 
100.260059 
91.516206 
80.711082 
66.835182 
47.217587 
 Distribution TemperaturasTiempo_beta0.5.txt: 
0.000000 
126.500000 
122.768683 
118.508483 
113.478108 
107.468974 
100.256420 
91.509001 
80.707951 
66.829559 
47.216302 
 Distribution TemperaturasTiempo_beta0.5.txt: 
0.000000 
126.500000 
122.765589 
118.506026 
113.471376 
107.465316 
100.248653 
91.505228 
80.701157 
66.826906 
47.211877 
 Distribution TemperaturasTiempo_beta0.5.txt: 
0.000000 
126.500000 
122.764102 
118.500481 
113.468030 
107.457415 
100.244572 
91.497438 
80.697501 
66.821007 
47.210144 
 Distribution TemperaturasTiempo_beta0.5.txt: 
0.000000 
126.500000 
122.760683 
118.497799 
113.460609 
107.453371 
100.236082 
91.493151 
80.690253 
66.817785 
47.205655 
 Distribution TemperaturasTiempo_beta0.5.txt: 
0.000000 
126.500000 
122.759074 
118.491671 
113.456946 
107.444676 
100.231537 
91.484693 
80.686006 
66.811664 
47.203325 
 Distribution TemperaturasTiempo_beta0.5.txt: 
0.000000 
126.500000 
122.755291 
118.488766 
113.448746 
107.440219 
100.222226 
91.479872 
80.678235 
66.807744 
47.199014 
