 Distribution TemperaturasLambda_beta1.txt: 
0.000000 
126.500000 
-107.559023 
-91.956732 
-78.343856 
-66.096493 
-54.825867 
-44.361760 
-34.586500 
-25.574704 
-17.676391 
 Distribution TemperaturasLambda_beta1.txt: 
0.000000 
126.500000 
-111.154521 
-98.538433 
-87.447791 
-77.296527 
-67.651475 
-58.231865 
-48.669295 
-38.503008 
-26.611240 
 Distribution TemperaturasLambda_beta1.txt: 
0.000000 
126.500000 
111.602889 
99.328416 
88.536178 
78.583513 
69.106422 
59.741373 
50.168338 
39.828829 
27.532979 
 Distribution TemperaturasLambda_beta1.txt: 
0.000000 
126.500000 
111.818245 
99.728763 
89.057969 
79.228121 
69.803412 
60.488159 
50.886474 
40.477131 
27.975981 
 Distribution TemperaturasLambda_beta1.txt: 
0.000000 
126.500000 
111.862634 
99.792903 
89.162623 
79.333373 
69.939712 
60.613573 
51.023732 
40.589524 
28.058364 
 Distribution TemperaturasLambda_beta1.txt: 
0.000000 
126.500000 
111.890761 
99.858308 
89.232524 
79.436809 
70.035045 
60.730266 
51.123607 
40.687764 
28.121498 
 Distribution TemperaturasLambda_beta1.txt: 
0.000000 
126.500000 
111.913479 
99.883591 
89.285093 
79.479511 
70.102100 
60.782948 
51.189656 
40.736652 
28.160164 
 Distribution TemperaturasLambda_beta1.txt: 
0.000000 
126.500000 
111.923497 
99.916258 
89.310679 
79.529793 
70.138628 
60.838457 
51.230136 
40.782486 
28.186730 
 Distribution TemperaturasLambda_beta1.txt: 
0.000000 
126.500000 
111.947546 
99.944983 
89.366628 
79.577904 
70.210306 
60.897104 
51.300969 
40.836238 
28.228458 
 Distribution TemperaturasLambda_beta1.txt: 
0.000000 
126.500000 
111.985484 
100.013003 
89.457041 
79.686695 
70.330192 
61.023486 
51.424543 
40.946816 
28.304187 
