 Distribution TemperaturasTiempo_beta1.txt: 
0.000000 
126.500000 
112.034484 
100.107059 
89.577137 
79.837903 
70.490148 
61.195990 
51.587037 
41.093314 
28.404959 
 Distribution TemperaturasTiempo_beta1.txt: 
0.000000 
126.500000 
112.034323 
100.107332 
89.576706 
79.838395 
70.489510 
61.196648 
51.586264 
41.094078 
28.404133 
 Distribution TemperaturasTiempo_beta1.txt: 
0.000000 
126.500000 
112.034471 
100.107021 
89.577103 
79.837839 
70.490104 
61.195917 
51.586999 
41.093249 
28.404943 
 Distribution TemperaturasTiempo_beta1.txt: 
0.000000 
126.500000 
112.034301 
100.107305 
89.576651 
79.838352 
70.489436 
61.196603 
51.586189 
41.094046 
28.404079 
 Distribution TemperaturasTiempo_beta1.txt: 
0.000000 
126.500000 
112.034456 
100.106979 
89.577065 
79.837770 
70.490056 
61.195837 
51.586956 
41.093178 
28.404924 
 Distribution TemperaturasTiempo_beta1.txt: 
0.000000 
126.500000 
112.034278 
100.107276 
89.576591 
79.838304 
70.489356 
61.196552 
51.586108 
41.094010 
28.404020 
 Distribution TemperaturasTiempo_beta1.txt: 
0.000000 
126.500000 
112.034439 
100.106934 
89.577022 
79.837695 
70.490002 
61.195750 
51.586907 
41.093102 
28.404903 
 Distribution TemperaturasTiempo_beta1.txt: 
0.000000 
126.500000 
112.034253 
100.107243 
89.576526 
79.838251 
70.489268 
61.196496 
51.586020 
41.093970 
28.403957 
 Distribution TemperaturasTiempo_beta1.txt: 
0.000000 
126.500000 
112.034420 
100.106885 
89.576975 
79.837612 
70.489941 
61.195655 
51.586853 
41.093019 
28.404878 
 Distribution TemperaturasTiempo_beta1.txt: 
0.000000 
126.500000 
112.034225 
100.107207 
89.576455 
79.838192 
70.489173 
61.196432 
51.585923 
41.093924 
28.403888 
 Distribution TemperaturasTiempo_beta1.txt: 
0.000000 
126.500000 
112.034399 
100.106831 
89.576923 
79.837523 
70.489874 
61.195551 
51.586792 
41.092928 
28.404849 
 Distribution TemperaturasTiempo_beta1.txt: 
0.000000 
126.500000 
112.034195 
100.107166 
89.576378 
79.838127 
70.489069 
61.196362 
51.585818 
41.093873 
28.403814 
 Distribution TemperaturasTiempo_beta1.txt: 
0.000000 
126.500000 
112.034376 
100.106772 
89.576864 
79.837425 
70.489799 
61.195439 
51.586724 
41.092830 
28.404817 
 Distribution TemperaturasTiempo_beta1.txt: 
0.000000 
126.500000 
112.034161 
100.107121 
89.576293 
79.838054 
70.488955 
61.196283 
51.585704 
41.093815 
28.403733 
 Distribution TemperaturasTiempo_beta1.txt: 
0.000000 
126.500000 
112.034350 
100.106708 
89.576799 
79.837318 
70.489716 
61.195316 
51.586648 
41.092723 
28.404780 
 Distribution TemperaturasTiempo_beta1.txt: 
0.000000 
126.500000 
112.034125 
100.107071 
89.576200 
79.837973 
70.488831 
61.196195 
51.585580 
41.093750 
28.403646 
 Distribution TemperaturasTiempo_beta1.txt: 
0.000000 
126.500000 
112.034321 
100.106638 
89.576728 
79.837201 
70.489623 
61.195182 
51.586564 
41.092607 
28.404738 
 Distribution TemperaturasTiempo_beta1.txt: 
0.000000 
126.500000 
112.034086 
100.107016 
89.576099 
79.837882 
70.488696 
61.196098 
51.585444 
41.093678 
28.403551 
 Distribution TemperaturasTiempo_beta1.txt: 
0.000000 
126.500000 
112.034290 
100.106561 
89.576648 
79.837073 
70.489520 
61.195035 
51.586469 
41.092480 
28.404690 
 Distribution TemperaturasTiempo_beta1.txt: 
0.000000 
126.500000 
112.034042 
100.106954 
89.575988 
79.837782 
70.488548 
61.195989 
51.585296 
41.093597 
28.403448 
 Distribution TemperaturasTiempo_beta1.txt: 
0.000000 
126.500000 
112.034255 
100.106477 
89.576559 
79.836933 
70.489406 
61.194875 
51.586364 
41.092342 
28.404637 
 Distribution TemperaturasTiempo_beta1.txt: 
0.000000 
126.500000 
112.033995 
100.106886 
89.575867 
79.837672 
70.488386 
61.195869 
51.585135 
41.093506 
28.403336 
 Distribution TemperaturasTiempo_beta1.txt: 
0.000000 
126.500000 
112.034216 
100.106385 
89.576461 
79.836781 
70.489279 
61.194701 
51.586247 
41.092192 
28.404576 
 Distribution TemperaturasTiempo_beta1.txt: 
0.000000 
126.500000 
112.033943 
100.106810 
89.575735 
79.837549 
70.488210 
61.195735 
51.584958 
41.093405 
28.403215 
 Distribution TemperaturasTiempo_beta1.txt: 
0.000000 
126.500000 
112.034173 
100.106285 
89.576352 
79.836614 
70.489139 
61.194510 
51.586117 
41.092028 
28.404508 
 Distribution TemperaturasTiempo_beta1.txt: 
0.000000 
126.500000 
112.033887 
100.106727 
89.575590 
79.837412 
70.488016 
61.195586 
51.584766 
41.093292 
28.403083 
 Distribution TemperaturasTiempo_beta1.txt: 
0.000000 
126.500000 
112.034125 
100.106175 
89.576232 
79.836431 
70.488983 
61.194301 
51.585972 
41.091850 
28.404432 
 Distribution TemperaturasTiempo_beta1.txt: 
0.000000 
126.500000 
112.033825 
100.106634 
89.575432 
79.837261 
70.487805 
61.195421 
51.584556 
41.093167 
28.402939 
 Distribution TemperaturasTiempo_beta1.txt: 
0.000000 
126.500000 
112.034072 
100.106055 
89.576099 
79.836231 
70.488810 
61.194073 
51.585812 
41.091655 
28.404346 
 Distribution TemperaturasTiempo_beta1.txt: 
0.000000 
126.500000 
112.033757 
100.106531 
89.575259 
79.837094 
70.487574 
61.195238 
51.584326 
41.093027 
28.402783 
 Distribution TemperaturasTiempo_beta1.txt: 
0.000000 
126.500000 
112.034014 
100.105923 
89.575951 
79.836013 
70.488619 
61.193824 
51.585633 
41.091443 
28.404250 
 Distribution TemperaturasTiempo_beta1.txt: 
0.000000 
126.500000 
112.033682 
100.106418 
89.575069 
79.836909 
70.487321 
61.195036 
51.584075 
41.092871 
28.402613 
 Distribution TemperaturasTiempo_beta1.txt: 
0.000000 
126.500000 
112.033949 
100.105779 
89.575788 
79.835773 
70.488407 
61.193552 
51.585435 
41.091210 
28.404142 
 Distribution TemperaturasTiempo_beta1.txt: 
0.000000 
126.500000 
112.033601 
100.106293 
89.574861 
79.836704 
70.487044 
61.194811 
51.583801 
41.092698 
28.402428 
 Distribution TemperaturasTiempo_beta1.txt: 
0.000000 
126.500000 
112.033878 
100.105621 
89.575607 
79.835511 
70.488173 
61.193253 
51.585216 
41.090957 
28.404022 
 Distribution TemperaturasTiempo_beta1.txt: 
0.000000 
126.500000 
112.033512 
100.106154 
89.574633 
79.836478 
70.486741 
61.194563 
51.583501 
41.092506 
28.402226 
 Distribution TemperaturasTiempo_beta1.txt: 
0.000000 
126.500000 
112.033799 
100.105448 
89.575408 
79.835224 
70.487913 
61.192927 
51.584973 
41.090680 
28.403888 
 Distribution TemperaturasTiempo_beta1.txt: 
0.000000 
126.500000 
112.033414 
100.106001 
89.574384 
79.836227 
70.486410 
61.194287 
51.583173 
41.092293 
28.402006 
 Distribution TemperaturasTiempo_beta1.txt: 
0.000000 
126.500000 
112.033712 
100.105258 
89.575187 
79.834910 
70.487626 
61.192570 
51.584703 
41.090378 
28.403738 
 Distribution TemperaturasTiempo_beta1.txt: 
0.000000 
126.500000 
112.033307 
100.105831 
89.574111 
79.835950 
70.486046 
61.193983 
51.582815 
41.092056 
28.401767 
 Distribution TemperaturasTiempo_beta1.txt: 
0.000000 
126.500000 
112.033615 
100.105050 
89.574944 
79.834566 
70.487309 
61.192179 
51.584405 
41.090047 
28.403571 
 Distribution TemperaturasTiempo_beta1.txt: 
0.000000 
126.500000 
112.033189 
100.105644 
89.573811 
79.835644 
70.485648 
61.193646 
51.582422 
41.091793 
28.401505 
 Distribution TemperaturasTiempo_beta1.txt: 
0.000000 
126.500000 
112.033509 
100.104823 
89.574674 
79.834188 
70.486958 
61.191750 
51.584074 
41.089686 
28.403385 
 Distribution TemperaturasTiempo_beta1.txt: 
0.000000 
126.500000 
112.033060 
100.105438 
89.573483 
79.835306 
70.485212 
61.193273 
51.581992 
41.091502 
28.401220 
 Distribution TemperaturasTiempo_beta1.txt: 
0.000000 
126.500000 
112.033391 
100.104573 
89.574377 
79.833775 
70.486570 
61.191281 
51.583708 
41.089291 
28.403177 
 Distribution TemperaturasTiempo_beta1.txt: 
0.000000 
126.500000 
112.032919 
100.105209 
89.573123 
79.834933 
70.484735 
61.192861 
51.581522 
41.091179 
28.400909 
 Distribution TemperaturasTiempo_beta1.txt: 
0.000000 
126.500000 
112.033261 
100.104299 
89.574048 
79.833321 
70.486142 
61.190767 
51.583304 
41.088859 
28.402947 
 Distribution TemperaturasTiempo_beta1.txt: 
0.000000 
126.500000 
112.032764 
100.104958 
89.572728 
79.834520 
70.484211 
61.192405 
51.581007 
41.090821 
28.400569 
 Distribution TemperaturasTiempo_beta1.txt: 
0.000000 
126.500000 
112.033118 
100.103999 
89.573686 
79.832824 
70.485668 
61.190204 
51.582856 
41.088386 
28.402691 
 Distribution TemperaturasTiempo_beta1.txt: 
0.000000 
126.500000 
112.032594 
100.104680 
89.572296 
79.834065 
70.483637 
61.191902 
51.580442 
41.090425 
28.400198 
 Distribution TemperaturasTiempo_beta1.txt: 
0.000000 
126.500000 
112.032960 
100.103669 
89.573285 
79.832279 
70.485146 
61.189587 
51.582361 
41.087868 
28.402406 
 Distribution TemperaturasTiempo_beta1.txt: 
0.000000 
126.500000 
112.032408 
100.104373 
89.571821 
79.833562 
70.483008 
61.191346 
51.579824 
41.089986 
28.399793 
 Distribution TemperaturasTiempo_beta1.txt: 
0.000000 
126.500000 
112.032786 
100.103308 
89.572844 
79.831681 
70.484569 
61.188910 
51.581814 
41.087302 
28.402090 
 Distribution TemperaturasTiempo_beta1.txt: 
0.000000 
126.500000 
112.032204 
100.104034 
89.571300 
79.833007 
70.482318 
61.190732 
51.579147 
41.089501 
28.399350 
 Distribution TemperaturasTiempo_beta1.txt: 
0.000000 
126.500000 
112.032593 
100.102912 
89.572356 
79.831025 
70.483932 
61.188169 
51.581209 
41.086682 
28.401740 
 Distribution TemperaturasTiempo_beta1.txt: 
0.000000 
126.500000 
112.031979 
100.103661 
89.570729 
79.832395 
70.481561 
61.190053 
51.578405 
41.088964 
28.398866 
 Distribution TemperaturasTiempo_beta1.txt: 
0.000000 
126.500000 
112.032381 
100.102476 
89.571819 
79.830305 
70.483229 
61.187356 
51.580541 
41.086003 
28.401351 
 Distribution TemperaturasTiempo_beta1.txt: 
0.000000 
126.500000 
112.031733 
100.103249 
89.570102 
79.831720 
70.480730 
61.189304 
51.577592 
41.088370 
28.398337 
 Distribution TemperaturasTiempo_beta1.txt: 
0.000000 
126.500000 
112.032147 
100.101999 
89.571226 
79.829516 
70.482453 
61.186464 
51.579803 
41.085259 
28.400920 
 Distribution TemperaturasTiempo_beta1.txt: 
0.000000 
126.500000 
112.031463 
100.102795 
89.569414 
79.830974 
70.479820 
61.188478 
51.576701 
41.087713 
28.397758 
 Distribution TemperaturasTiempo_beta1.txt: 
0.000000 
126.500000 
112.031890 
100.101475 
89.570572 
79.828649 
70.481597 
61.185486 
51.578987 
41.084445 
28.400441 
 Distribution TemperaturasTiempo_beta1.txt: 
0.000000 
126.500000 
112.031166 
100.102295 
89.568659 
79.830153 
70.478820 
61.187565 
51.575724 
41.086986 
28.397126 
 Distribution TemperaturasTiempo_beta1.txt: 
0.000000 
126.500000 
112.031605 
100.100899 
89.569852 
79.827698 
70.480653 
61.184414 
51.578087 
41.083552 
28.399911 
 Distribution TemperaturasTiempo_beta1.txt: 
0.000000 
126.500000 
112.030840 
100.101743 
89.567830 
79.829247 
70.477723 
61.186559 
51.574652 
41.086183 
28.396434 
 Distribution TemperaturasTiempo_beta1.txt: 
0.000000 
126.500000 
112.031292 
100.100267 
89.569057 
79.826654 
70.479611 
61.183237 
51.577093 
41.082575 
28.399324 
 Distribution TemperaturasTiempo_beta1.txt: 
0.000000 
126.500000 
112.030482 
100.101135 
89.566919 
79.828248 
70.476520 
61.185448 
51.573478 
41.085296 
28.395678 
 Distribution TemperaturasTiempo_beta1.txt: 
0.000000 
126.500000 
112.030947 
100.099572 
89.568182 
79.825508 
70.478463 
61.181946 
51.575995 
41.081504 
28.398673 
 Distribution TemperaturasTiempo_beta1.txt: 
0.000000 
126.500000 
112.030089 
100.100465 
89.565919 
79.827147 
70.475198 
61.184222 
51.572189 
41.084315 
28.394850 
 Distribution TemperaturasTiempo_beta1.txt: 
0.000000 
126.500000 
112.030567 
100.098809 
89.567217 
79.824249 
70.477197 
61.180529 
51.574784 
41.080331 
28.397953 
 Distribution TemperaturasTiempo_beta1.txt: 
0.000000 
126.500000 
112.029657 
100.099728 
89.564820 
79.825934 
70.473748 
61.182870 
51.570777 
41.083231 
28.393945 
 Distribution TemperaturasTiempo_beta1.txt: 
0.000000 
126.500000 
112.030149 
100.097971 
89.566154 
79.822867 
70.475801 
61.178974 
51.573446 
41.079045 
28.397154 
 Distribution TemperaturasTiempo_beta1.txt: 
0.000000 
126.500000 
112.029182 
100.098916 
89.563613 
79.824597 
70.472155 
61.181379 
51.569228 
41.082033 
28.392956 
 Distribution TemperaturasTiempo_beta1.txt: 
0.000000 
126.500000 
112.029688 
100.097050 
89.564984 
79.821348 
70.474262 
61.177268 
51.571970 
41.077637 
28.396269 
 Distribution TemperaturasTiempo_beta1.txt: 
0.000000 
126.500000 
112.028659 
100.098022 
89.562286 
79.823125 
70.470406 
61.179735 
51.567528 
41.080709 
28.391874 
 Distribution TemperaturasTiempo_beta1.txt: 
0.000000 
126.500000 
112.029181 
100.096037 
89.563696 
79.819679 
70.472567 
61.175396 
51.570340 
41.076094 
28.395289 
 Distribution TemperaturasTiempo_beta1.txt: 
0.000000 
126.500000 
112.028085 
100.097038 
89.560827 
79.821503 
70.468485 
61.177921 
51.565665 
41.079245 
28.390691 
 Distribution TemperaturasTiempo_beta1.txt: 
0.000000 
126.500000 
112.028624 
100.094922 
89.562279 
79.817844 
70.470699 
61.173340 
51.568540 
41.074405 
28.394201 
 Distribution TemperaturasTiempo_beta1.txt: 
0.000000 
126.500000 
112.027453 
100.095957 
89.559223 
79.819718 
70.466374 
61.175921 
51.563622 
41.077627 
28.389399 
 Distribution TemperaturasTiempo_beta1.txt: 
0.000000 
126.500000 
112.028012 
100.093696 
89.560720 
79.815828 
70.468641 
61.171084 
51.566554 
41.072554 
28.392996 
 Distribution TemperaturasTiempo_beta1.txt: 
0.000000 
126.500000 
112.026757 
100.094768 
89.557458 
79.817753 
70.464056 
61.173715 
51.561382 
41.075836 
28.387988 
 Distribution TemperaturasTiempo_beta1.txt: 
0.000000 
126.500000 
112.027339 
100.092346 
89.559006 
79.813610 
70.466374 
61.168607 
51.564359 
41.070529 
28.391657 
 Distribution TemperaturasTiempo_beta1.txt: 
0.000000 
126.500000 
112.025990 
100.093462 
89.555515 
79.815592 
70.461508 
61.171283 
51.558926 
41.073855 
28.386448 
 Distribution TemperaturasTiempo_beta1.txt: 
0.000000 
126.500000 
112.026601 
100.090859 
89.557122 
79.811171 
70.463877 
61.165889 
51.561936 
41.068313 
28.390170 
 Distribution TemperaturasTiempo_beta1.txt: 
0.000000 
126.500000 
112.025145 
100.092030 
89.553376 
79.813216 
70.458707 
61.168600 
51.556234 
41.071660 
28.384770 
 Distribution TemperaturasTiempo_beta1.txt: 
0.000000 
126.500000 
112.025791 
100.089219 
89.555054 
79.808486 
70.461129 
61.162905 
51.559257 
41.065891 
28.388515 
 Distribution TemperaturasTiempo_beta1.txt: 
0.000000 
126.500000 
112.024213 
100.090459 
89.551018 
79.810604 
70.455628 
61.165642 
51.553285 
41.069228 
28.382943 
 Distribution TemperaturasTiempo_beta1.txt: 
0.000000 
126.500000 
112.024905 
100.087411 
89.552786 
79.805530 
70.458104 
61.159629 
51.556295 
41.063244 
28.386672 
 Distribution TemperaturasTiempo_beta1.txt: 
0.000000 
126.500000 
112.023183 
100.088739 
89.548418 
79.807736 
70.452242 
61.162378 
51.550056 
41.066529 
28.380957 
 Distribution TemperaturasTiempo_beta1.txt: 
0.000000 
126.500000 
112.023937 
100.085414 
89.550301 
79.802272 
70.454776 
61.156033 
51.553018 
41.060355 
28.384613 
 Distribution TemperaturasTiempo_beta1.txt: 
0.000000 
126.500000 
112.022045 
100.086859 
89.545549 
79.804589 
70.448517 
61.158777 
51.546521 
41.063530 
28.378805 
 Distribution TemperaturasTiempo_beta1.txt: 
0.000000 
126.500000 
112.022880 
100.083206 
89.547582 
79.798681 
70.451115 
61.152087 
51.549389 
41.057207 
28.382309 
 Distribution TemperaturasTiempo_beta1.txt: 
0.000000 
126.500000 
112.020784 
100.084808 
89.542378 
79.801140 
70.444417 
61.154803 
51.542654 
41.060191 
28.376478 
 Distribution TemperaturasTiempo_beta1.txt: 
0.000000 
126.500000 
112.021731 
100.080762 
89.544613 
79.794717 
70.447090 
61.147755 
51.545365 
41.053782 
28.379721 
 Distribution TemperaturasTiempo_beta1.txt: 
0.000000 
126.500000 
112.019388 
100.082577 
89.538871 
79.797363 
70.439902 
61.150415 
51.538428 
41.056466 
28.373973 
 Distribution TemperaturasTiempo_beta1.txt: 
0.000000 
126.500000 
112.020486 
100.078053 
89.541377 
79.790338 
70.442666 
61.143000 
51.540897 
41.050066 
28.376802 
 Distribution TemperaturasTiempo_beta1.txt: 
0.000000 
126.500000 
112.017837 
100.080159 
89.534986 
79.793234 
70.434924 
61.145568 
51.533814 
41.052297 
28.371296 
 Distribution TemperaturasTiempo_beta1.txt: 
0.000000 
126.500000 
112.019146 
100.075045 
89.537861 
79.785497 
70.437807 
61.137775 
51.535932 
41.046051 
28.373490 
 Distribution TemperaturasTiempo_beta1.txt: 
0.000000 
126.500000 
112.016105 
100.077556 
89.530683 
79.788720 
70.429430 
61.140219 
51.528774 
41.047617 
28.368484 
 Distribution TemperaturasTiempo_beta1.txt: 
0.000000 
126.500000 
112.017733 
100.071687 
89.534045 
79.780162 
70.432463 
61.131997 
51.530428 
41.041757 
28.369664 
 Distribution TemperaturasTiempo_beta1.txt: 
0.000000 
126.500000 
112.014111 
100.074812 
89.525939 
79.783738 
70.423378 
61.134356 
51.523170 
41.042341 
28.365813 
