 Distribution TemperaturasTiempo_beta0.txt: 
0.000000 
126.500000 
112.344933 
99.286989 
90.417916 
78.385682 
71.775894 
59.315047 
53.231107 
39.027821 
30.323181 
 Distribution TemperaturasTiempo_beta0.txt: 
0.000000 
126.500000 
111.586583 
100.703839 
88.386134 
80.929322 
68.750190 
62.699018 
49.528194 
42.917760 
26.312817 
 Distribution TemperaturasTiempo_beta0.txt: 
0.000000 
126.500000 
112.354373 
99.241869 
90.444390 
78.306669 
71.819282 
59.215234 
53.292161 
38.923329 
30.404163 
 Distribution TemperaturasTiempo_beta0.txt: 
0.000000 
126.500000 
111.561797 
100.721884 
88.320595 
80.964238 
68.656125 
62.751524 
49.420718 
42.989155 
26.211385 
 Distribution TemperaturasTiempo_beta0.txt: 
0.000000 
126.500000 
112.363731 
99.193818 
90.470791 
78.222591 
71.863018 
59.109234 
53.354536 
38.812813 
30.488192 
 Distribution TemperaturasTiempo_beta0.txt: 
0.000000 
126.500000 
111.535390 
100.739761 
88.250791 
80.999153 
68.556073 
62.804724 
49.306729 
43.062586 
26.104515 
 Distribution TemperaturasTiempo_beta0.txt: 
0.000000 
126.500000 
112.372947 
99.142608 
90.496975 
78.133052 
71.906944 
58.996576 
53.418135 
38.695851 
30.575343 
 Distribution TemperaturasTiempo_beta0.txt: 
0.000000 
126.500000 
111.507233 
100.757352 
88.176386 
81.033892 
68.449567 
62.858467 
49.185741 
43.138019 
25.991856 
 Distribution TemperaturasTiempo_beta0.txt: 
0.000000 
126.500000 
112.381953 
99.087986 
90.522779 
78.037623 
71.950871 
58.876748 
53.482843 
38.571981 
30.665689 
 Distribution TemperaturasTiempo_beta0.txt: 
0.000000 
126.500000 
111.477189 
100.774523 
88.097014 
81.068254 
68.336101 
62.912576 
49.057228 
43.215404 
25.873030 
 Distribution TemperaturasTiempo_beta0.txt: 
0.000000 
126.500000 
112.390668 
99.029680 
90.548011 
77.935832 
71.994583 
58.749192 
53.548518 
38.440701 
30.759297 
 Distribution TemperaturasTiempo_beta0.txt: 
0.000000 
126.500000 
111.445104 
100.791122 
88.012273 
81.102010 
68.215118 
62.966842 
48.920614 
43.294675 
25.747626 
 Distribution TemperaturasTiempo_beta0.txt: 
0.000000 
126.500000 
112.399003 
98.967391 
90.572454 
77.827163 
72.037830 
58.613294 
53.614995 
38.301465 
30.856232 
 Distribution TemperaturasTiempo_beta0.txt: 
0.000000 
126.500000 
111.410814 
100.806974 
87.921724 
81.134894 
68.086012 
63.021024 
48.775268 
43.375747 
25.615200 
 Distribution TemperaturasTiempo_beta0.txt: 
0.000000 
126.500000 
112.406855 
98.900790 
90.595860 
77.711054 
72.080323 
58.468387 
53.682076 
38.153677 
30.956553 
 Distribution TemperaturasTiempo_beta0.txt: 
0.000000 
126.500000 
111.374135 
100.821878 
87.824888 
81.166602 
67.948116 
63.074844 
48.620501 
43.458513 
25.475269 
 Distribution TemperaturasTiempo_beta0.txt: 
0.000000 
126.500000 
112.414105 
98.829519 
90.617945 
77.586886 
72.121733 
58.313737 
53.749531 
37.996684 
31.060316 
 Distribution TemperaturasTiempo_beta0.txt: 
0.000000 
126.500000 
111.334871 
100.835606 
87.721238 
81.196789 
67.800699 
63.127978 
48.455558 
43.542842 
25.327305 
 Distribution TemperaturasTiempo_beta0.txt: 
0.000000 
126.500000 
112.420620 
98.753188 
90.638385 
77.453981 
72.161679 
58.148537 
53.817091 
37.829774 
31.167567 
 Distribution TemperaturasTiempo_beta0.txt: 
0.000000 
126.500000 
111.292802 
100.847901 
87.610196 
81.225059 
67.642962 
63.180056 
48.279611 
43.628577 
25.170739 
 Distribution TemperaturasTiempo_beta0.txt: 
0.000000 
126.500000 
112.426249 
98.671364 
90.656813 
77.311596 
72.199730 
57.971905 
53.884444 
37.652165 
31.278350 
 Distribution TemperaturasTiempo_beta0.txt: 
0.000000 
126.500000 
111.247692 
100.858467 
87.491129 
81.250961 
67.474022 
63.230653 
48.091750 
43.715528 
25.004945 
 Distribution TemperaturasTiempo_beta0.txt: 
0.000000 
126.500000 
112.430819 
98.583577 
90.672812 
77.158912 
72.235392 
57.782868 
53.951229 
37.463000 
31.392695 
 Distribution TemperaturasTiempo_beta0.txt: 
0.000000 
126.500000 
111.199279 
100.866974 
87.363342 
81.273986 
67.292911 
63.279283 
47.890975 
43.803472 
24.829241 
 Distribution TemperaturasTiempo_beta0.txt: 
0.000000 
126.500000 
112.434137 
98.489310 
90.685908 
76.995030 
72.268104 
57.580355 
54.017031 
37.261337 
31.510629 
 Distribution TemperaturasTiempo_beta0.txt: 
0.000000 
126.500000 
111.147276 
100.873043 
87.226069 
81.293553 
67.098562 
63.325390 
47.676184 
43.892144 
24.642884 
 Distribution TemperaturasTiempo_beta0.txt: 
0.000000 
126.500000 
112.435981 
98.387992 
90.695566 
76.818960 
72.297227 
57.363188 
54.081374 
37.046140 
31.632164 
 Distribution TemperaturasTiempo_beta0.txt: 
0.000000 
126.500000 
111.091370 
100.876249 
87.078469 
81.309004 
66.889798 
63.368343 
47.446163 
43.981240 
24.445056 
 Distribution TemperaturasTiempo_beta0.txt: 
0.000000 
126.500000 
112.436103 
98.278998 
90.701177 
76.629609 
72.322035 
57.130064 
54.143711 
36.816269 
31.757306 
 Distribution TemperaturasTiempo_beta0.txt: 
0.000000 
126.500000 
111.031215 
100.876110 
86.919613 
81.319595 
66.665322 
63.407420 
47.199570 
44.070400 
24.234863 
 Distribution TemperaturasTiempo_beta0.txt: 
0.000000 
126.500000 
112.434223 
98.161640 
90.702058 
76.425774 
72.341708 
56.879544 
54.203417 
36.570465 
31.886043 
 Distribution TemperaturasTiempo_beta0.txt: 
0.000000 
126.500000 
110.966431 
100.872084 
86.748478 
81.324482 
66.423695 
63.441803 
46.934922 
44.159214 
24.011321 
 Distribution TemperaturasTiempo_beta0.txt: 
0.000000 
126.500000 
112.430024 
98.035158 
90.697434 
76.206122 
72.355311 
56.610036 
54.259779 
36.307336 
32.018354 
 Distribution TemperaturasTiempo_beta0.txt: 
0.000000 
126.500000 
110.896600 
100.863557 
86.563935 
81.322711 
66.163331 
63.470560 
46.650577 
44.247204 
23.773351 
 Distribution TemperaturasTiempo_beta0.txt: 
0.000000 
126.500000 
112.423151 
97.898715 
90.686429 
75.969180 
72.361788 
56.319772 
54.311983 
36.025344 
32.154201 
 Distribution TemperaturasTiempo_beta0.txt: 
0.000000 
126.500000 
110.821262 
100.849839 
86.364733 
81.313204 
65.882465 
63.492634 
46.344714 
44.333821 
23.519762 
 Distribution TemperaturasTiempo_beta0.txt: 
0.000000 
126.500000 
112.413204 
97.751385 
90.668059 
75.713314 
72.359942 
56.006794 
54.359099 
35.722783 
32.293529 
 Distribution TemperaturasTiempo_beta0.txt: 
0.000000 
126.500000 
110.739906 
100.830154 
86.149489 
81.294744 
65.579141 
63.506822 
46.015307 
44.418435 
23.249242 
 Distribution TemperaturasTiempo_beta0.txt: 
0.000000 
126.500000 
112.399732 
97.592144 
90.641212 
75.436712 
72.348418 
55.668921 
54.400069 
35.397760 
32.436263 
 Distribution TemperaturasTiempo_beta0.txt: 
0.000000 
126.500000 
110.651973 
100.803628 
85.916667 
81.265955 
65.251184 
63.511760 
45.660105 
44.500319 
22.960344 
 Distribution TemperaturasTiempo_beta0.txt: 
0.000000 
126.500000 
112.382233 
97.419858 
90.604637 
75.137358 
72.325680 
55.303723 
54.433683 
35.048169 
32.582306 
 Distribution TemperaturasTiempo_beta0.txt: 
0.000000 
126.500000 
110.556838 
100.769284 
85.664561 
81.225284 
64.896166 
63.505893 
45.276596 
44.578636 
22.651470 
 Distribution TemperaturasTiempo_beta0.txt: 
0.000000 
126.500000 
112.360142 
97.233267 
90.556928 
74.813005 
72.289988 
54.908490 
54.458558 
34.671668 
32.731532 
 Distribution TemperaturasTiempo_beta0.txt: 
0.000000 
126.500000 
110.453813 
100.726023 
85.391271 
81.170981 
64.511378 
63.487457 
44.861976 
44.652424 
22.320851 
 Distribution TemperaturasTiempo_beta0.txt: 
0.000000 
126.500000 
112.332831 
97.030969 
90.496505 
74.461145 
72.239373 
54.480188 
54.473113 
34.265642 
32.883783 
 Distribution TemperaturasTiempo_beta0.txt: 
0.000000 
126.500000 
110.342130 
100.672618 
85.094676 
81.101070 
64.093788 
63.454438 
44.413103 
44.720568 
21.966531 
 Distribution TemperaturasTiempo_beta0.txt: 
0.000000 
126.500000 
112.299599 
96.811400 
90.421597 
74.078969 
72.171600 
54.015415 
54.475531 
33.827170 
33.038856 
 Distribution TemperaturasTiempo_beta0.txt: 
0.000000 
126.500000 
110.220935 
100.607701 
84.772403 
81.013328 
63.639992 
63.404540 
43.926456 
44.781770 
21.586346 
 Distribution TemperaturasTiempo_beta0.txt: 
0.000000 
126.500000 
112.259670 
96.572811 
90.330220 
73.663325 
72.084138 
53.510348 
54.463719 
33.352984 
33.196489 
 Distribution TemperaturasTiempo_beta0.txt: 
0.000000 
126.500000 
110.089271 
100.529755 
84.421786 
80.905251 
63.146161 
63.335135 
43.398075 
44.834518 
21.177899 
 Distribution TemperaturasTiempo_beta0.txt: 
0.000000 
126.500000 
112.212188 
96.313238 
90.220164 
73.210663 
71.974113 
52.960679 
54.435260 
32.839421 
33.356343 
 Distribution TemperaturasTiempo_beta0.txt: 
0.000000 
126.500000 
109.946067 
100.437097 
84.039822 
80.774023 
62.607972 
63.243210 
42.823500 
44.877028 
20.738537 
 Distribution TemperaturasTiempo_beta0.txt: 
0.000000 
126.500000 
112.156215 
96.030468 
90.088966 
72.716971 
71.838262 
52.361539 
54.387339 
32.282369 
33.517964 
 Distribution TemperaturasTiempo_beta0.txt: 
0.000000 
126.500000 
109.790113 
100.327881 
83.623116 
80.616486 
62.020528 
63.125303 
42.197694 
44.907181 
20.265327 
 Distribution TemperaturasTiempo_beta0.txt: 
0.000000 
126.500000 
112.090731 
95.721994 
89.933903 
72.177696 
71.672879 
51.707407 
54.316668 
31.677205 
33.680741 
 Distribution TemperaturasTiempo_beta0.txt: 
0.000000 
126.500000 
109.620040 
100.200091 
83.167807 
80.429105 
61.378263 
62.977414 
41.514951 
44.922431 
19.755029 
 Distribution TemperaturasTiempo_beta0.txt: 
0.000000 
126.500000 
112.014640 
95.384964 
89.751976 
71.587651 
71.473751 
50.992006 
54.219370 
31.018729 
33.843834 
 Distribution TemperaturasTiempo_beta0.txt: 
0.000000 
126.500000 
109.434288 
100.051550 
82.669482 
80.207933 
60.674823 
62.794909 
40.768798 
44.919684 
19.204076 
 Distribution TemperaturasTiempo_beta0.txt: 
0.000000 
126.500000 
111.926782 
95.016109 
89.539913 
70.940889 
71.236086 
50.208167 
54.090843 
30.301080 
34.006065 
 Distribution TemperaturasTiempo_beta0.txt: 
0.000000 
126.500000 
109.231065 
99.879940 
82.123069 
79.948588 
59.902917 
62.572394 
39.951870 
44.895128 
18.608549 
 Distribution TemperaturasTiempo_beta0.txt: 
0.000000 
126.500000 
111.825948 
94.611657 
89.294174 
70.230558 
70.954439 
49.347681 
53.925570 
29.517658 
34.165762 
 Distribution TemperaturasTiempo_beta0.txt: 
0.000000 
126.500000 
109.008295 
99.682830 
81.522688 
79.646226 
59.054140 
62.303560 
39.055769 
44.844003 
17.964173 
 Distribution TemperaturasTiempo_beta0.txt: 
0.000000 
126.500000 
111.710920 
94.167214 
89.010989 
69.448705 
70.622619 
48.401103 
53.716878 
28.661027 
34.320528 
 Distribution TemperaturasTiempo_beta0.txt: 
0.000000 
126.500000 
108.763553 
99.457741 
80.861472 
79.295541 
58.118748 
61.980993 
38.070900 
44.760270 
17.266317 
 Distribution TemperaturasTiempo_beta0.txt: 
0.000000 
126.500000 
111.580508 
93.677614 
88.686411 
68.586029 
70.233602 
47.357527 
53.456613 
27.722832 
34.466888 
 Distribution TemperaturasTiempo_beta0.txt: 
0.000000 
126.500000 
108.493965 
99.202223 
80.131315 
78.890780 
57.085366 
61.595941 
36.986292 
44.636168 
16.510030 
 Distribution TemperaturasTiempo_beta0.txt: 
0.000000 
126.500000 
111.433618 
93.136703 
88.316413 
67.631556 
69.779445 
46.204308 
53.134715 
26.693720 
34.599773 
 Distribution TemperaturasTiempo_beta0.txt: 
0.000000 
126.500000 
108.196087 
98.913969 
79.322545 
78.425799 
55.940631 
61.138035 
35.789397 
44.461572 
15.690120 
 Distribution TemperaturasTiempo_beta0.txt: 
0.000000 
126.500000 
111.269323 
92.537061 
87.897025 
66.572203 
69.251210 
44.926735 
52.738656 
25.563301 
34.711737 
 Distribution TemperaturasTiempo_beta0.txt: 
0.000000 
126.500000 
107.865727 
98.590965 
78.423462 
77.894167 
54.668713 
60.594966 
34.465898 
44.223107 
14.801323 
 Distribution TemperaturasTiempo_beta0.txt: 
0.000000 
126.500000 
111.086956 
91.869591 
87.424524 
65.392193 
68.638936 
43.507633 
52.252713 
24.320200 
34.791784 
 Distribution TemperaturasTiempo_beta0.txt: 
0.000000 
126.500000 
107.497689 
98.231642 
77.419708 
77.289345 
53.250707 
59.952135 
32.999549 
43.902888 
13.838607 
 Distribution TemperaturasTiempo_beta0.txt: 
0.000000 
126.500000 
110.886181 
91.122954 
86.895661 
64.072239 
67.931684 
41.926913 
51.657040 
22.952279 
34.823589 
 Distribution TemperaturasTiempo_beta0.txt: 
0.000000 
126.500000 
107.085419 
97.835031 
76.293349 
76.604955 
51.663817 
59.192319 
31.372141 
43.476747 
12.797732 
 Distribution TemperaturasTiempo_beta0.txt: 
0.000000 
126.500000 
110.667025 
90.282735 
86.307893 
62.588399 
67.117733 
40.161074 
50.926530 
21.447218 
34.782757 
 Distribution TemperaturasTiempo_beta0.txt: 
0.000000 
126.500000 
106.620471 
97.400814 
75.021556 
75.835135 
49.880264 
58.295458 
29.563737 
42.911747 
11.676260 
 Distribution TemperaturasTiempo_beta0.txt: 
0.000000 
126.500000 
110.429816 
89.330215 
85.659549 
60.910418 
66.184985 
38.182716 
50.029499 
19.793787 
34.632623 
 Distribution TemperaturasTiempo_beta0.txt: 
0.000000 
126.500000 
106.091725 
96.929185 
73.574627 
74.974934 
47.865797 
57.238733 
27.553513 
42.162738 
10.475351 
 Distribution TemperaturasTiempo_beta0.txt: 
0.000000 
126.500000 
110.174931 
88.240513 
84.949745 
58.999277 
65.121664 
35.960192 
48.926383 
17.984466 
34.317715 
 Distribution TemperaturasTiempo_beta0.txt: 
0.000000 
126.500000 
105.484184 
96.420351 
71.912963 
74.020557 
45.577653 
55.997201 
25.321871 
41.167744 
9.203021 
 Distribution TemperaturasTiempo_beta0.txt: 
0.000000 
126.500000 
109.902337 
86.979697 
84.177786 
56.803466 
63.917169 
33.457726 
47.568866 
16.020683 
33.753706 
 Distribution TemperaturasTiempo_beta0.txt: 
0.000000 
126.500000 
104.777087 
95.873579 
69.982322 
72.968986 
42.961684 
54.545205 
22.855143 
39.842235 
7.880005 
 Distribution TemperaturasTiempo_beta0.txt: 
0.000000 
126.500000 
109.610991 
85.500161 
83.341720 
54.253146 
62.562442 
30.636737 
45.900283 
13.923101 
32.812236 
 Distribution TemperaturasTiempo_beta0.txt: 
0.000000 
126.500000 
103.940866 
95.285930 
67.706085 
71.816013 
39.948369 
52.858119 
20.155590 
38.073168 
6.550291 
 Distribution TemperaturasTiempo_beta0.txt: 
0.000000 
126.500000 
109.298509 
83.732949 
82.435858 
51.250720 
61.047805 
27.460016 
43.858137 
11.751282 
31.299198 
 Distribution TemperaturasTiempo_beta0.txt: 
0.000000 
126.500000 
102.931994 
94.651451 
64.972203 
70.551270 
36.447320 
50.911416 
17.261844 
35.715446 
5.299275 
 Distribution TemperaturasTiempo_beta0.txt: 
0.000000 
126.500000 
108.961869 
81.574387 
81.447855 
47.655173 
59.353865 
23.902445 
41.376878 
9.639070 
28.926948 
 Distribution TemperaturasTiempo_beta0.txt: 
0.000000 
126.500000 
101.683535 
93.962323 
61.610321 
69.149152 
32.340445 
48.667245 
14.288095 
32.594412 
4.282552 
 Distribution TemperaturasTiempo_beta0.txt: 
0.000000 
126.500000 
108.600007 
78.860686 
80.357284 
43.256743 
57.428696 
19.974809 
38.375777 
7.849142 
25.283391 
 Distribution TemperaturasTiempo_beta0.txt: 
0.000000 
126.500000 
100.083872 
93.213604 
57.351086 
67.556468 
27.477926 
46.025934 
11.483516 
28.506165 
3.769718 
 Distribution TemperaturasTiempo_beta0.txt: 
0.000000 
126.500000 
108.216062 
75.309427 
79.140833 
37.750398 
55.140189 
15.757630 
34.682032 
6.826018 
19.769777 
 Distribution TemperaturasTiempo_beta0.txt: 
0.000000 
126.500000 
97.932457 
92.406916 
51.724123 
65.689413 
21.772033 
42.672953 
9.133952 
23.194459 
4.377100 
 Distribution TemperaturasTiempo_beta0.txt: 
0.000000 
126.500000 
107.820751 
70.387271 
77.770945 
30.659257 
52.227962 
11.745364 
29.573382 
6.450041 
4.990641 
 Distribution TemperaturasTiempo_beta0.txt: 
0.000000 
126.500000 
94.822463 
91.555032 
43.831848 
63.395009 
15.388928 
37.833311 
8.001304 
7.131818 
4.656683 
 Distribution TemperaturasTiempo_beta0.txt: 
0.000000 
126.500000 
107.439536 
62.924081 
76.199747 
21.336724 
48.068198 
9.102625 
8.653043 
6.881256 
5.398736 
 Distribution TemperaturasTiempo_beta0.txt: 
0.000000 
126.500000 
89.753161 
90.688534 
31.696729 
60.274234 
9.747203 
9.600129 
8.500626 
7.713438 
5.023379 
 Distribution TemperaturasTiempo_beta0.txt: 
0.000000 
126.500000 
107.127445 
49.578732 
74.268227 
9.984188 
9.984188 
9.543711 
9.254688 
7.456582 
5.986989 
 Distribution TemperaturasTiempo_beta0.txt: 
0.000000 
126.500000 
79.195995 
89.840718 
9.988143 
9.988143 
9.988143 
9.988143 
9.140415 
8.551482 
5.551418 
 Distribution TemperaturasTiempo_beta0.txt: 
0.000000 
126.500000 
107.103623 
9.992097 
9.992097 
9.992097 
9.992097 
9.992097 
9.992097 
8.314219 
6.999368 
 Distribution TemperaturasTiempo_beta0.txt: 
0.000000 
126.500000 
9.996049 
9.996049 
9.996049 
9.996049 
9.996049 
9.996049 
9.996049 
9.996049 
6.471512 
