 Distribution TemperaturasLambda_beta0.5.txt: 
0.000000 
126.500000 
114.608705 
104.695431 
95.765241 
87.282467 
78.864897 
70.184359 
60.847943 
50.267921 
37.169606 
 Distribution TemperaturasLambda_beta0.5.txt: 
0.000000 
126.500000 
121.161462 
115.845520 
110.119876 
103.698684 
96.307068 
87.612023 
77.101120 
63.826215 
45.358142 
 Distribution TemperaturasLambda_beta0.5.txt: 
0.000000 
126.500000 
121.965129 
117.181542 
111.805395 
105.595867 
98.294379 
89.576988 
78.919296 
65.341808 
46.292568 
 Distribution TemperaturasLambda_beta0.5.txt: 
0.000000 
126.500000 
122.367814 
117.848617 
112.644933 
106.538688 
99.280428 
90.550448 
79.819256 
66.091797 
46.756488 
 Distribution TemperaturasLambda_beta0.5.txt: 
0.000000 
126.500000 
122.499739 
118.066730 
112.918964 
106.846165 
99.601747 
90.867625 
80.112442 
66.336168 
46.907465 
 Distribution TemperaturasLambda_beta0.5.txt: 
0.000000 
126.500000 
122.565651 
118.175642 
113.055737 
106.999580 
99.762027 
91.025807 
80.258640 
66.458023 
46.982776 
 Distribution TemperaturasLambda_beta0.5.txt: 
0.000000 
126.500000 
122.605183 
118.240942 
113.137724 
107.091526 
99.858073 
91.120587 
80.346233 
66.531031 
47.027906 
 Distribution TemperaturasLambda_beta0.5.txt: 
0.000000 
126.500000 
122.684209 
118.371438 
113.301523 
107.275187 
100.049895 
91.309857 
80.521139 
66.676810 
47.118039 
