 Distribution TemperaturasLambda_beta0.txt: 
0.000000 
126.500000 
6.049383 
6.049383 
6.049383 
6.049383 
6.049383 
6.049383 
6.049383 
6.049383 
11.812865 
 Distribution TemperaturasLambda_beta0.txt: 
0.000000 
126.500000 
9.209877 
9.209877 
9.209877 
9.209877 
9.209877 
9.209877 
9.209877 
9.209877 
7.535505 
 Distribution TemperaturasLambda_beta0.txt: 
0.000000 
126.500000 
9.604938 
9.604938 
9.604938 
9.604938 
9.604938 
9.604938 
9.604938 
9.604938 
7.000835 
 Distribution TemperaturasLambda_beta0.txt: 
0.000000 
126.500000 
9.802469 
9.802469 
9.802469 
9.802469 
9.802469 
9.802469 
9.802469 
9.802469 
6.733500 
 Distribution TemperaturasLambda_beta0.txt: 
0.000000 
126.500000 
9.868313 
9.868313 
9.868313 
9.868313 
9.868313 
9.868313 
9.868313 
9.868313 
6.644389 
 Distribution TemperaturasLambda_beta0.txt: 
0.000000 
126.500000 
9.901235 
9.901235 
9.901235 
9.901235 
9.901235 
9.901235 
9.901235 
9.901235 
6.599833 
 Distribution TemperaturasLambda_beta0.txt: 
0.000000 
126.500000 
9.920988 
9.920988 
9.920988 
9.920988 
9.920988 
9.920988 
9.920988 
9.920988 
6.573099 
 Distribution TemperaturasLambda_beta0.txt: 
0.000000 
126.500000 
9.960494 
9.960494 
9.960494 
9.960494 
9.960494 
9.960494 
9.960494 
9.960494 
6.519632 
